ไอดีมีแต่ตัวเลข ไม่สามารถตั้งได้ใน Roblox ราคาตัวละ 79 บาท
🟢 สั่งซื้อได้ที่ Sxltyz.com
❗เพจ Sxltyz

733792898340268825
733823881122123562 -ออก
733735990737721685
730342860085147179
729403704974212214
73007497973640541
729804449429766650 -ออก
726703567360974144
726454046822267448
726299532492089855
704227903054271499
706419300859842440
22957647825977960
681738561781243643
672106291044428187
664221387817461862
657997224402346227
657238711419727564
642567319778263270
642116524131143196
620363244470532702
610277331594532787
590900198735654315 -ออก
566389003365095178
565670504365229154
281323499688219787
281840682197138967
281565601279457034 -ออก
278178442245440868
744039635057250424
742598328200268510
742082923196017861
741334331875070743
741501654538566110
74130791440836385
73965593850950819
739243510078265979
738984494119493629
738971915627264181
738927077797759452 -ออก
7385822105313850
738268426648509061
738225548412599413
737393154028406454
736409188002200782
719716247341748315
719391482874284608
718852935254910205
718792940550195893
717919284878350990
718297515518831452
71737024392577636
71733528512093973
717190121643471571
716895735440156572
71535626316581586
71534543843191946
714373449738233174
712305080375615707
711959564076318807
711380473966380525
711712418911616336
710975574514234593 -ออก
